0.195112   34.8266   57.3942   47         49        67.5933   61        67.5928   40           

2.27527    34.8266   57.3942   47         49        67.5933   61        67.5928   40                 

2.30104    34.8677   57.2539   46.9967    48.9086   67.4784   60.8619   67.4779   40.096             

2.32234    35.0637   57.6156   47.1204    49.4283   67.4125   61.3951   67.4119   40.0417            

2.33756    35.3768   57.8743   47.4078    49.8668   67.5358   61.7516   67.5354   40.3371            

2.35631    35.7985   57.7271   47.6158    50.1184   67.5436   61.8815   67.5434   40.6327            

2.39543    36.4945   58.4411   48.3284    50.7838   67.9864   62.3938   67.9861   41.3241            

2.42944    37.0852   58.9265   48.8726    51.5357   68.6772   63.2679   68.677    41.8199            

2.44941    37.2702   59.3711   49.0864    51.9105   69.0838   63.7661   69.0834   42.0117            

2.47205    37.7586   59.6788   49.5479    52.2733   69.5975   64.1869   69.5971   42.5548            

2.50558    38.0724   59.8865   49.9038    52.5801   69.8423   64.5751   69.8419   42.8786            

2.53197    38.2718   60.199    50.1424    52.9072   70.1149   64.8562   70.1144   43.11              

2.56856    38.277    60.3205   50.0902    52.9058   70.2495   64.966    70.249    43.0381            

2.60326    38.0175   60.0547   49.814     52.4813   69.8965   64.3426   69.8961   42.7529            

2.6432     38.2106   60.5129   50.0347    52.968    70.2209   65.0551   70.2206   42.9237            

2.68122    38.2259   60.2217   50.0619    52.8311   70.0004   64.9041   69.9999   43.0148            

2.70416    37.9362   60.3341   49.7326    52.7619   70.0221   64.7514   70.0217   42.6929            

2.73136    37.9335   60.3586   49.7702    52.7899   69.9499   64.7902   69.9496   42.7027            

2.76041    38.0266   60.4908   49.827     52.7765   70.0613   64.7711   70.0608   42.7492            

2.79383    37.4659   60.5007   49.3285    52.5285   69.8601   64.7134   69.8598   42.2538            

2.8211     37.4655   60.4251   49.3149    52.5026   69.8154   64.3737   69.8151   42.2802            

2.85059    37.3877   60.1048   49.2458    52.436    69.7149   64.3978   69.7146   42.1735            

2.88446    37.5152   60.3996   49.3594    52.578    69.8261   64.5493   69.8258   42.3227            

2.91739    37.3906   60.2972   49.2952    52.4218   69.7846   64.3047   69.7842   42.215             

2.94448    37.5711   60.6404   49.4263    52.5959   69.8087   64.5636   69.8082   42.3555            

2.97762    37.3832   60.656    49.2453    52.5422   69.796    64.2141   69.7955   42.1676            

3.01198    37.0804   60.2801   48.9355    52.096    69.4106   63.8462   69.4101   41.8641            

3.05025    36.7      59.8311   48.5283    51.5361   68.8627   63.2264   68.8624   41.4905            

3.09009    36.5852   59.9713   48.4748    51.6205   68.9636   63.341    68.9634   41.3701            

3.1274     36.5626   59.8445   48.4136    51.5261   68.7844   63.279    68.7842   41.3605            

3.16087    36.2509   59.7255   48.0866    51.2154   68.5768   62.8262   68.5765   41.0556            

3.19824    36.1167   59.7899   47.9665    51.1957   68.4991   62.7708   68.4987   40.9749            

3.2265     36.2175   59.7547   48.0536    51.1737   68.5637   62.885    68.5633   41.0157            

3.25656    36.1103   59.6675   47.9772    51.0409   68.4488   62.6394   68.4484   40.9018            

3.29873    36.2499   59.8245   48.1051    51.4037   68.7542   62.9809   68.754    41.0728            

3.33049    36.5444   59.9652   48.3766    51.6472   68.9173   63.2795   68.9169   41.3212            

3.36845    36.5678   60.0416   48.4008    51.7025   68.9727   63.3394   68.9724   41.3001            

3.40829    36.8778   60.4606   48.7603    52.1612   69.4774   63.9159   69.4771   41.6888            

3.43533    36.9002   60.5538   48.72      52.0825   69.4786   64.0374   69.4781   41.6594            

3.47221    36.7985   60.2594   48.6462    52.03     69.4177   63.816    69.4175   41.5344            

3.50696    37.336    60.8221   49.1669    52.552    70.0074   64.5578   70.0069   42.1308            

3.54901    37.4888   60.9696   49.3351    52.6555   69.925    64.4579   69.9247   42.296             

3.58966    37.1132   60.7402   48.9869    52.3083   69.7133   64.2486   69.713    41.9066            

3.62392    37.3218   60.7938   49.1761    52.3433   69.7573   64.2348   69.757    42.1022            

3.66324    37.3017   60.8953   49.1441    52.6825   69.8964   64.5697   69.8961   42.061             

3.7034     37.5063   61.0642   49.3461    52.8078   70.0091   64.7539   70.0088   42.2242            

3.7374     37.5594   61.0847   49.4373    52.7579   70.0539   64.6444   70.0537   42.3399            

3.76839    37.8367   61.1368   49.6739    52.962    70.189    64.9666   70.1886   42.6152            

3.80558    37.6695   61.203    49.4854    52.7575   70.1365   64.6323   70.1362   42.4112            

3.84704    37.711    61.25     49.5386    52.9203   70.2776   64.8089   70.2771   42.4306            

3.89434    37.7112   61.2895   49.5608    52.8481   70.2828   64.7231   70.2824   42.4769            

3.92147    37.8056   61.1236   49.6148    52.8987   70.1838   64.8812   70.1832   42.5687            

3.95512    37.6967   61.065    49.5696    52.7992   70.2589   64.611    70.2584   42.4973            

3.99162    37.7524   61.1643   49.6057    52.8989   70.1529   64.8698   70.1526   42.5153            

4.02641    37.8031   61.2935   49.6379    52.9661   70.468    65.0988   70.4674   42.5686            

4.0529     37.8358   61.228    49.7226    53.1604   70.4805   65.1725   70.4803   42.612             

4.08811    38.0517   61.4847   49.9064    53.2438   70.6949   65.2638   70.6944   42.8147            

4.12337    38.1794   61.6477   50.0203    53.2908   70.7076   65.2901   70.7073   42.9692            

4.15063    38.322    61.5826   50.1563    53.4052   70.858    65.3364   70.8574   43.1265            

4.18155    38.4055   61.7503   50.2505    53.5162   71.0469   65.4794   71.0465   43.1875            

4.21672    38.3262   61.6027   50.1856    53.462    70.8846   65.4794   70.8843   43.1142            

4.25457    37.9594   61.0647   49.7948    53.0314   70.2073   64.9551   70.2072   42.7532            

4.28924    37.4522   60.7648   49.2886    52.483    69.6986   64.2761   69.6983   42.271             

4.33007    37.1364   60.6752   48.978     52.3545   69.6356   64.0342   69.6353   41.8909            

4.36945    36.7889   60.1252   48.5805    51.8062   68.9183   63.5384   68.9181   41.5013            

4.40509    37.0025   60.5212   48.8063    52.0481   69.4229   63.6809   69.4226   41.6929            

4.43952    37.0505   60.7039   48.9166    52.2824   69.5863   64.0145   69.5861   41.7925            

4.48041    37.0259   60.7476   48.8742    52.3289   69.5133   64.1563   69.5129   41.7859            

4.52381    36.5731   60.2237   48.3465    51.654    69.0303   63.3215   69.0299   41.2593            

4.56563    35.9922   60.0368   47.7478    51.2029   68.5456   62.7033   68.5453   40.6587            

4.59953    36.0071   59.8568   47.7825    51.1095   68.3902   62.6837   68.3899   40.7434            

4.62827    36.0196   59.9946   47.8304    51.2491   68.4453   62.8279   68.4451   40.7572            

4.65826    35.8195   59.7846   47.6513    51.0296   68.4163   62.5364   68.416    40.5854            

4.68988    35.6323   59.4722   47.4587    50.7494   68.1984   62.2728   68.1981   40.3756            

4.72456    35.7731   59.2151   47.5619    50.8146   68.0384   62.2035   68.0382   40.5024            

4.76079    35.6352   59.2056   47.4479    50.6695   67.9488   62.2444   67.9487   40.3871            

4.79715    35.3145   58.7376   47.1315    50.2799   67.7599   61.674    67.7598   40.086             

4.82633    35.4102   59.0266   47.2311    50.4723   67.9041   61.9721   67.9039   40.137             

4.86473    35.9202   59.5883   47.7397    50.8514   68.2495   62.4891   68.2492   40.7416            

4.90514    35.8279   59.4185   47.5976    50.8431   68.1213   62.3879   68.1211   40.6443            

4.93939    35.7309   59.1305   47.5318    50.5753   67.9428   62.1125   67.9426   40.4724            

4.96973    35.701    59.1688   47.448     50.7084   68.0799   62.2696   68.0796   40.4141            

4.9989     35.7554   59.3747   47.5191    50.7691   68.0713   62.3124   68.0711   40.5636            

5.03462    35.4739   59.1106   47.2572    50.361    67.7886   61.8954   67.7884   40.2338            

5.06562    35.8238   59.545    47.6135    50.7603   68.2012   62.2983   68.2009   40.6049            

5.10324    35.9411   59.8163   47.7235    51.0308   68.3652   62.6828   68.3651   40.7139            

5.14359    36.0955   59.8678   47.8614    51.1187   68.5154   62.6279   68.5152   40.8535            

5.17665    36.0233   59.9295   47.8443    51.1351   68.5712   62.7534   68.571    40.7791            

5.21216    35.8571   59.9137   47.6457    51.2113   68.5732   62.8224   68.573    40.5842            

5.248      35.949    59.9357   47.8055    51.1344   68.5541   62.733    68.5539   40.7471            

5.28059    36.4494   60.3466   48.3052    51.4707   68.8454   63.1737   68.8451   41.2253            

5.32026    36.5496   60.331    48.3697    51.7394   68.9323   63.3242   68.932    41.3183            

5.35735    36.6163   60.3986   48.4598    51.5871   68.9014   63.2876   68.9012   41.4313            

5.3947     36.6197   60.2908   48.444     51.5887   68.9691   63.2229   68.969    41.3864            

5.41784    36.733    60.4469   48.5691    51.8234   69.2428   63.4589   69.2425   41.5182            

5.44032    36.5703   60.3631   48.4065    51.6519   68.9369   63.281    68.9365   41.394             

5.46553    36.4966   60.2202   48.2755    51.4497   68.9529   63.0469   68.9525   41.2748            

5.4869     36.5626   60.4404   48.3972    51.6059   68.964    63.2502   68.9636   41.3433            

5.51263    36.3852   60.4109   48.2023    51.5453   68.8588   63.1039   68.8584   41.1493            

5.54378    36.3973   60.5246   48.2364    51.6331   68.9419   63.1222   68.9415   41.1667            

5.56872    35.9988   60.417    47.8208    51.1413   68.68     62.6924   68.6797   40.7729            

5.58747    35.7138   60.1057   47.5122    51.0221   68.497    62.52     68.4969   40.4614            

5.61386    35.4846   59.8806   47.333     50.725    68.2595   62.2949   68.2592   40.2796            

5.63822    35.5756   60.0869   47.4065    50.8445   68.3657   62.3527   68.3652   40.3617            

5.66146    35.7576   60.1011   47.5444    50.9209   68.3243   62.4344   68.324    40.548             

5.6994     35.73     59.9693   47.4929    50.7181   68.3578   62.1979   68.3576   40.5063            

5.73908    35.8198   59.8836   47.5613    50.7565   68.2191   62.4072   68.2188   40.546             

5.77436    35.737    59.7625   47.4607    50.7662   68.2523   62.2844   68.2519   40.4295            

5.80247    35.6665   59.7009   47.378     50.6656   68.1833   62.1535   68.183    40.3572            

5.83915    35.51     59.7653   47.2554    50.6764   68.2049   62.2063   68.2046   40.2566            

5.88414    35.5514   59.7344   47.3035    50.5178   68.0915   62.0575   68.0913   40.2648            

5.92346    35.4306   59.5233   47.1576    50.3663   67.9355   62.0341   67.9352   40.1632            

5.96393    35.4736   59.5848   47.1917    50.2963   67.9787   61.9401   67.9786   40.2155            

5.99755    35.4484   59.7199   47.2303    50.337    68.0108   62.0283   68.0105   40.2281            

6.0273     35.4113   59.2872   47.0932    50.2325   67.8871   61.9025   67.8869   40.1297            

6.05702    35.3161   59.366    47.0659    50.1669   67.695    61.778    67.6947   40.1078            

6.09081    35.0322   59.0845   46.7666    50.0386   67.547    61.6846   67.5467   39.7585            

6.13082    34.6154   58.6977   46.3185    49.7347   67.1436   61.4212   67.1434   39.3715            

6.16383    34.3589   58.8443   46.1349    49.5196   67.2353   61.2975   67.2349   39.1527            

6.19552    34.2023   58.881    46.0237    49.4931   67.0057   61.1982   67.0055   38.9727            

6.2364     34.1454   58.7112   46.0259    49.5838   66.914    61.2479   66.9137   38.9647            

6.27927    34.1928   58.8466   46.0507    49.3809   67.0663   61.1252   67.0662   39.0053            

6.31674    34.4271   59.0051   46.2867    49.5527   67.2805   61.1314   67.2801   39.2447            

6.35775    34.4588   58.9886   46.2373    49.7043   67.0479   61.2488   67.0476   39.2308            

6.39969    34.3995   59.0546   46.2026    49.659    67.1597   61.1292   67.1595   39.1716            

6.43541    35.0814   59.7403   46.8728    50.3008   67.7151   61.8791   67.7148   39.7939            

6.46398    34.9891   59.3484   46.792     50.0466   67.612    61.5618   67.6117   39.7407            

6.50625    35.3219   59.534    47.1172    50.4038   67.9629   61.9315   67.9626   40.0815            

6.53801    35.9166   59.7892   47.6293    50.8657   68.3157   62.3712   68.3154   40.6348            

6.57193    35.9381   59.8373   47.6657    50.8295   68.4821   62.3323   68.4816   40.6916            

6.60581    36.0093   59.9971   47.7128    51.135    68.5135   62.6595   68.5133   40.7376            

6.63846    35.9865   59.9004   47.6625    51.0728   68.5564   62.5947   68.5559   40.6285            

6.67114    35.8003   59.7293   47.515     50.6714   68.2216   62.213    68.2213   40.5401            

6.70282    36.1657   59.8557   47.9313    51.0143   68.4428   62.5641   68.4424   40.9524            

6.74721    36.3847   60.0451   48.0826    51.1687   68.697    62.7874   68.6966   41.0811            

6.78556    35.9833   59.8706   47.7068    51.0194   68.6122   62.6557   68.612    40.6621            

6.82356    35.9803   59.9019   47.7002    51.038    68.4412   62.5465   68.441    40.7065            

6.86582    36.0902   59.7928   47.8022    51.124    68.5803   62.6637   68.58     40.8122            

6.9088     35.8238   59.5729   47.5646    50.6655   68.3058   62.2471   68.3054   40.5343            

6.94646    36.0371   59.7906   47.7869    51.1076   68.4865   62.7934   68.4863   40.7803            

6.97795    36.0568   59.893    47.7575    51.0878   68.5659   62.5472   68.5657   40.7491            

7.00641    35.7077   59.6678   47.4834    50.7878   68.4201   62.3221   68.4198   40.4347            

7.04412    35.8012   59.8617   47.6034    50.8355   68.5191   62.3616   68.5189   40.5904            

7.08196    35.7683   59.8783   47.5883    50.8186   68.31     62.4021   68.3098   40.5793            

7.11599    35.7648   59.9134   47.5462    51.0079   68.3623   62.5711   68.362    40.5205            

7.14916    35.9918   60.1483   47.8       51.2248   68.6057   62.7553   68.6054   40.7734            

7.18307    35.4739   59.8889   47.322     50.7241   68.0736   62.2277   68.0732   40.2771            

7.21576    35.0907   59.7757   46.9486    50.4351   67.994    61.8984   67.9938   39.8901            

7.25664    35.0751   59.6249   46.9456    50.4338   67.6897   61.8977   67.6893   39.8783            

7.29152    34.9005   59.4176   46.742     50.2555   67.6258   61.7367   67.6255   39.7253            

7.33126    34.8398   59.4088   46.6526    50.0803   67.5198   61.6279   67.5193   39.6251            

7.37107    34.9265   59.6013   46.7487    50.2142   67.9447   61.6163   67.9443   39.6673            

7.39871    34.3734   59.3243   46.1778    49.8443   67.2927   61.2598   67.2924   39.1441            

7.43401    34.4136   59.213    46.2231    49.7011   67.1462   61.2123   67.1462   39.215             

7.46225    34.1531   59.1274   45.9798    49.7079   67.1708   61.3573   67.1705   38.9233            

7.50328    33.9498   58.9676   45.801     49.4066   66.8925   61.0654   66.8923   38.7276            

7.5416     33.8619   58.7373   45.6729    49.3761   66.8755   61.0975   66.8751   38.6163            

7.57325    34.2367   59.0245   46.0633    49.6933   67.1184   61.3912   67.1182   39.0299            

7.61143    34.3138   59.2568   46.0976    49.8042   67.3027   61.4594   67.3024   39.0824            

7.64373    34.0924   59.0244   45.9472    49.655    67.0831   61.3467   67.0829   38.873             

7.67706    34.3666   59.2351   46.1725    49.8112   67.3887   61.4543   67.3885   39.137             

7.71897    34.712    59.6674   46.548     50.2456   67.645    61.8438   67.6448   39.5084            

7.75204    34.723    59.6155   46.531     50.2165   67.6438   61.8364   67.6438   39.4863            

7.79724    34.8267   59.4062   46.6837    50.1413   67.5795   61.7526   67.5793   39.6203            

7.83007    35.3876   60.2717   47.2171    50.7733   68.256    62.335    68.2557   40.1383            

7.86107    35.5554   60.384    47.3879    50.9602   68.4255   62.5212   68.4252   40.3228            

7.89808    35.4142   60.1228   47.2357    50.6643   68.2701   62.183    68.27     40.1717            

7.94076    35.4329   60.3261   47.2986    50.8772   68.2739   62.4085   68.2736   40.2446            

7.98025    35.6752   60.8174   47.5118    51.164    68.5966   62.8058   68.5962   40.4033            

8.01701    35.8612   60.6774   47.7145    51.1647   68.7616   62.8432   68.7614   40.6549            

8.05584    36.1326   60.9601   47.9721    51.4583   68.8009   63.1216   68.8007   40.9273            

8.08842    36.509    61.227    48.372     51.8015   69.216    63.4835   69.2156   41.2778            

8.12426    36.6004   61.5443   48.4513    52.0749   69.3367   63.6309   69.3364   41.3709            

8.15335    36.2072   61.1012   48.0705    51.6143   69.1426   63.2702   69.1423   41.0221            

8.1829     35.7497   61.049    47.6248    51.3337   68.8232   62.9866   68.8229   40.5292            

8.21418    35.7232   60.8618   47.5784    51.1904   68.5686   62.9206   68.5681   40.5157            

8.24239    35.6681   60.8745   47.5067    51.2892   68.6627   62.9841   68.6623   40.4112            

8.2746     35.6938   60.8758   47.5261    51.263    68.6196   62.9534   68.6193   40.4773            

8.30978    35.6467   60.5942   47.4832    50.9675   68.5311   62.7023   68.5308   40.4202            

8.34667    35.6613   60.2683   47.4278    50.8586   68.3127   62.5868   68.3125   40.4351            

8.38087    35.5219   60.3262   47.3169    50.9035   68.3061   62.6599   68.3059   40.2613            

8.40644    35.1254   59.7883   46.8325    50.2904   67.8895   62.0045   67.8893   39.7954            

8.43714    35.3145   59.9224   47.0906    50.5368   68.0916   62.205    68.0912   39.9637            

8.47052    35.174    59.9289   46.8983    50.6047   68.0582   62.1853   68.0579   39.7653            

8.50886    34.7982   59.648    46.6176    50.1932   67.614    61.8713   67.6138   39.5374            

8.54046    34.711    59.6122   46.534     50.0612   67.6338   61.801    67.6337   39.507             

8.57123    34.6935   59.7893   46.5023    50.1045   67.7087   61.7503   67.7084   39.4397            

8.61686    34.5167   59.5265   46.3171    49.8009   67.4297   61.4454   67.4295   39.2336            

8.65242    34.8207   59.969    46.6501    50.1049   67.7721   61.8289   67.7717   39.5961            

8.68146    34.9581   60.0613   46.819     50.3805   67.8448   62.0265   67.8446   39.7456            

8.70322    34.7592   59.971    46.5964    50.1209   67.6593   61.729    67.659    39.5838            

8.72633    34.6828   60.003    46.5429    50.2568   67.8869   61.9377   67.8867   39.4826            

8.75049    34.9889   60.1899   46.8471    50.4034   67.963    61.9842   67.9629   39.8212            

8.77304    34.6731   59.9646   46.4382    50.145    67.7347   61.7864   67.7345   39.3423            

8.79391    34.9014   59.9382   46.7348    50.3091   67.9137   61.9994   67.9135   39.6836            

8.81454    34.6265   59.9508   46.4616    50.0626   67.61     61.7919   67.6097   39.46              

8.83652    34.4308   59.7587   46.2692    50.0689   67.4682   61.954    67.468    39.2379            

8.85496    34.4509   59.9435   46.2707    50.0856   67.4878   61.8909   67.4875   39.2763            

8.87877    34.4335   59.6987   46.2403    50.0168   67.5378   61.8678   67.5376   39.2599            

8.9011     34.1782   59.656    46.0478    50.0118   67.4768   61.8744   67.4767   38.9809            

8.92542    34.3932   59.8479   46.258     50.1239   67.4581   62.0025   67.4579   39.2008            

8.95457    34.1886   59.7528   46.0539    50.0131   67.3831   61.8508   67.3828   38.9725            

8.98668    34.2915   59.6318   46.1392    50.0291   67.4453   61.9403   67.4451   39.1122            

9.01612    34.3448   59.86     46.1838    50.106    67.5527   61.9807   67.5524   39.1215            

9.05017    34.343    59.7995   46.1954    50.0557   67.5193   61.9695   67.5192   39.1444            

9.08792    34.1894   59.7695   46.0315    50.0943   67.4542   62.0444   67.4539   38.9751            

9.12454    34.4      59.8534   46.2375    50.0947   67.5732   62.0909   67.573    39.1818            

9.15676    34.213    59.9045   46.1011    50.2242   67.663    62.191    67.6629   38.9873            

9.19193    34.196    59.845    46.0316    50.0938   67.5078   62.0038   67.5077   38.9609            

9.22506    34.073    59.8344   45.9245    50.0107   67.4077   61.8943   67.4074   38.8046            

9.25731    34.3727   60.0047   46.213     50.2043   67.6505   62.1432   67.6503   39.1718            

9.28849    34.5127   59.9927   46.3299    50.2549   67.6966   62.1806   67.6965   39.3281            

9.32681    34.425    59.9743   46.2182    50.2381   67.6086   62.2114   67.6084   39.1634            

9.35972    34.4211   59.8907   46.2271    50.2013   67.4579   62.1817   67.4576   39.1861            

9.39203    34.346    59.7333   46.1504    50.1565   67.644    62.1374   67.6438   39.067             

9.42331    34.4351   59.7292   46.2426    50.2306   67.6134   62.2638   67.6132   39.1748            

9.4598     34.4065   59.7901   46.2335    50.0999   67.6003   62.042    67.6002   39.1677            

9.49793    34.587    59.8085   46.3492    50.2128   67.6389   62.1514   67.6388   39.327             

9.53673    34.7373   59.6153   46.4499    50.2362   67.6504   62.2548   67.65     39.4325            

9.57895    34.5946   59.5796   46.3216    50.0836   67.537    62.068    67.5369   39.3106            

9.61393    34.279    59.5349   46.075     49.955    67.4366   61.9451   67.4363   39.0735            

9.64595    34.0811   59.1997   45.8468    49.7033   67.1992   61.813    67.1989   38.7822            

9.68216    33.8621   59.0641   45.658     49.6218   66.9348   61.6946   66.9346   38.5616            

9.72049    33.8305   59.1697   45.6615    49.4531   67.0095   61.5085   67.0093   38.6098            

9.76551    33.6839   58.8287   45.4639    49.3018   66.731    61.3541   66.7309   38.4237            

9.80064    33.6603   58.7907   45.3968    49.183    66.5998   61.2038   66.5997   38.3745            

9.82537    33.7939   58.666    45.5384    49.2771   66.6398   61.2442   66.6397   38.4376            

9.85481    33.7056   58.1363   45.3292    49.0651   66.365    61.0971   66.3646   38.295             

9.89217    33.5114   58.2234   45.1474    49.0157   66.241    60.9981   66.2408   38.1456            

9.92075    33.9391   58.3359   45.6049    49.3362   66.7462   61.276    66.746    38.5697            

9.95812    33.7877   58.641    45.5178    49.2446   66.6579   61.1963   66.6578   38.4686            

9.99599    33.2544   58.0367   44.9816    48.9378   66.1832   60.9748   66.183    37.9209            

10.0295    33.6436   58.397    45.4371    49.102    66.5145   61.0648   66.5143   38.4302            

10.0663    33.7928   58.7072   45.638     49.3524   66.8268   61.3267   66.8266   38.5495            

10.1077    33.733    58.419    45.5578    49.069    66.6334   61.039    66.6333   38.4711            

10.1385    33.4595   58.1417   45.2563    48.954    66.3686   60.9267   66.3685   38.2258            

10.1745    33.314    57.9667   45.1129    48.8265   66.166    60.8131   66.1657   37.9969            

10.2153    33.1299   57.8467   44.909     48.678    65.9126   60.6537   65.9125   37.9172            

10.2576    33.2367   57.954    45.0434    48.8235   66.1438   60.8378   66.1437   37.9706            

10.2901    33.16     57.9689   44.9569    48.8488   65.9938   60.8357   65.9936   37.9008            

10.325     32.9086   57.9077   44.7092    48.552    65.7874   60.5843   65.7872   37.6812            

10.3584    32.6958   57.9853   44.5228    48.5634   65.6584   60.6304   65.6581   37.4613            

10.3848    32.6118   57.7761   44.4108    48.2715   65.582    60.3003   65.5817   37.3438            

10.4189    32.6239   57.5265   44.4198    48.2644   65.4092   60.3767   65.409    37.3331            

10.4596    33.001    57.8035   44.7639    48.5318   65.7889   60.6191   65.7888   37.7826            

10.4973    33.2067   57.9402   44.9727    48.7392   66.0195   60.7061   66.0193   37.9702            

10.5271    32.9663   57.803    44.753     48.6198   65.6908   60.7238   65.6908   37.7534            

10.5578    32.8432   57.7082   44.6357    48.4243   65.5889   60.4257   65.5888   37.6031            

10.5905    32.7796   57.9263   44.6263    48.5221   65.7103   60.6327   65.7101   37.5616            

10.6251    32.6931   57.7805   44.4948    48.3434   65.6477   60.4006   65.6475   37.413             

10.6615    32.4869   57.3708   44.2788    47.9633   65.1421   59.9579   65.142    37.1886            
